nenmarlo 4642 1534 40 424
serinse 257 79 20 1899
palflavas 3123 1027 42 929
nenchafi 4747 1568 43 387
lovacha 4664 1544 32 422
neitleba 5667 1879 30 89
sanmirin 4451 1467 50 481
fluflunen 5736 1906 18 74
santicru 1967 643 38 1317
loflava 899 288 35 1675
pepalnen 536 169 29 1800
tosrasmei 4764 1578 30 390
tosvasfla 383 119 26 1853
martitle 5458 1809 31 158
flumimen 781 243 52 1703
toslomar 3575 1177 44 777
zeitlese 398 124 26 1848
neifluzei 4424 1462 38 498
semeise 4631 1530 41 427
tosfisan 229 68 25 1905
rasvasras 5716 1898 22 78
tifilo 747 237 36 1725
palmeico 1042 336 34 1628
tabafi 205 61 22 1915
lovasmi 2254 741 31 1226
menmenpal 1948 639 31 1328
tosneizei 3582 1182 36 780
raspeva 469 145 34 1819
paltiva 4375 1443 46 509
fluflamar 3586 1183 37 778
fluzeifi 226 67 25 1906
zeimeinen 2614 861 31 1106
meimiras 4534 1498 40 460
flarinnei 671 211 38 1749
vastatos 5753 1912 17 69
fluchatle 640 200 40 1758
govaspal 1469 479 32 1487
margozei 5154 1706 36 256
nentleflu 4521 1493 42 463
rinrinfi 5470 1814 28 156
mimiti 1451 468 47 1483
chachamar 5019 1661 36 301
titleti 1696 551 43 1404
tatiba 4069 1345 34 619
tosgocha 1141 367 40 1591
flabase 1145 371 32 1595
rintamei 4954 1639 37 322
tifluva 5677 1881 34 83
semarti 5445 1804 33 161
coficha 4497 1489 30 479
ticruva 2895 951 42 1005
tagoflu 3813 1256 45 697
vasmipe 4752 1572 36 390
miminei 4169 1376 41 581
chaselo 4362 1441 39 518
mitapal 3423 1128 39 831
bameicha 656 210 26 1762
vabatle 3077 1012 41 945
rinvalo 5455 1806 37 155
crusevas 1215 392 39 1567
pefluco 2737 898 43 1057
tizeimar 4475 1477 44 477
rinraslo 690 219 33 1746
setafi 5462 1812 26 160
mifimi 1322 429 35 1534
peneimei 396 123 27 1848
menrintle 5393 1788 29 181
micrumi 2021 662 35 1301
sannenmi 1859 609 32 1357
pegocru 241 71 28 1899
flaflaras 2072 678 38 1282
chapemi 3589 1181 46 771
pesannei 5131 1699 34 265
titosmei 5280 1747 39 212
batleras 2209 724 37 1237
tosmeiflu 5730 1905 15 78
nenpese 3951 1302 45 651
gomarras 508 163 19 1816
cotise 2662 874 40 1084
fitipe 249 77 18 1903
mirastle 2175 710 45 1243
rinneilo 1580 513 41 1444
mivaras 5523 1832 27 139
flaflaco 2685 884 33 1081
petosmi 318 94 36 1868
marchamar 5585 1856 17 125
nensepal 891 286 33 1679
vamenco 2654 873 35 1090
zeimenvas 5709 1892 33 73
peneico 2454 804 42 1152
cotiflu 4621 1523 52 423
tinense 1350 437 39 1522
zeitosnen 1553 505 38 1455
zeicogo 1167 380 27 1591
batlenen 3960 1308 36 654
semeizei 5488 1818 34 146
neigope 252 77 21 1900
marvati 885 286 27 1685
petigo 5126 1696 38 264
tizeirin 3568 1175 43 780
tibacru 3063 1006 45 947
flatiba 804 258 30 1710
fineiva 2027 664 35 1299
perinzei 4053 1338 39 621
meipeva 2019 664 27 1307
mipalmen 3768 1243 39 716
tletlemar 1604 520 44 1434
neirinse 2290 750 40 1208
sanflamei 254 78 20 1900
neimiti 5357 1770 47 181
palficru 2601 853 42 1103
lorintle 2428 795 43 1160
marseti 3356 1105 41 852
rinmimen 3971 1311 38 649
rassego 5718 1895 33 70
fiseflu 4766 1576 38 384
penense 796 255 31 1712
govacha 2864 937 53 1008
raszeita 3340 1101 37 860
menmeilo 1440 469 33 1496
cotosfla 863 278 29 1691
batiflu 297 90 27 1881
mentosmi 2135 700 35 1263
coloba 5418 1797 27 174
nensezei 4152 1373 33 592
sancoras 3803 1256 35 707
miperin 5218 1728 34 236
fifluse 4858 1608 34 356
batiras 3861 1273 42 683
batosvas 813 261 30 1707
rinfifla 1769 578 35 1385
vasmenflu 5559 1840 39 119
vagope 2405 787 44 1167
crupeta 3466 1143 37 818
fitimen 2086 684 34 1280
flumirin 1464 475 39 1484
tigoti 3299 1087 38 873
comenzei 2616 857 45 1096
vatleco 5007 1655 42 301
raslomar 5459 1808 35 155
tirasgo 553 169 46 1783
tosmeisan 2739 894 57 1047
gotavas 4263 1406 45 547
neitosras 3070 1006 52 940
fiflatos 4181 1380 41 577
rasnenlo 3444 1133 45 820
palpalfi 909 290 39 1669
tleflavas 305 89 38 1871
vasbava 245 74 23 1901
tlevasmi 2250 739 33 1226
fluflumei 5408 1790 38 170
peflufla 5721 1902 15 81
rasnenpe 807 254 45 1699
tossecha 371 112 35 1851
varasrin 3195 1054 33 911
meibaras 1391 453 32 1513
conenmei 3662 1206 44 748
ticoco 765 245 30 1723
timenzei 1980 645 45 1308
menzeiti 3333 1100 33 865
chasanlo 4169 1375 44 579
mensanfla 387 119 30 1849
flubatle 999 319 42 1637
vasvati 3913 1290 43 665
tossemi 1172 379 35 1584
sanrassan 806 258 32 1708
flubata 2980 979 43 976
palzeivas 1822 597 31 1370
tiflava 2415 793 36 1169
bazeifla 4065 1339 48 611
bacotle 1612 526 34 1438
crunenpal 1700 556 32 1410
taflaras 522 162 36 1800
rassecru 4192 1382 46 570
mirasva 2619 857 48 1093
bavasfla 4159 1373 40 585
zeicozei 292 88 28 1882
bamizei 929 299 32 1667
tivasmi 1797 586 39 1373
pecrumi 4865 1607 44 347
tosmipal 1150 372 34 1592
tosrinfi 4087 1347 46 605
pemimar 1901 622 35 1341
rinmiti 4684 1547 43 408
tosfluva 1097 354 35 1609
sanpefi 5004 1653 45 300
meifluzei 2990 986 32 980
vacrufi 3367 1110 37 851
figofla 1287 416 39 1543
cobaflu 2066 679 29 1290
peflunen 4899 1621 36 341
vameilo 1650 536 42 1420
mimizei 2094 689 27 1282
palmirin 3352 1108 28 862
meilopal 5450 1808 26 164
tinenmi 1018 327 37 1634
figotle 246 74 24 1900
bameimar 4152 1365 57 576
flaflacru 3978 1309 51 638
bafise 5418 1797 27 174
tipego 2181 716 33 1249
miflugo 4043 1334 41 623
mimenzei 4510 1491 37 470
cotimar 2987 984 35 979
rasrinse 1168 381 25 1592
lomense 4407 1455 42 501
mimargo 5007 1657 36 305
zeiflumi 4139 1366 41 591
tilomi 4017 1323 48 627
sanbata 1950 635 45 1318
vavaspal 247 76 19 1903
flupalti 3544 1167 43 788
tititi 3322 1097 31 870
flasannen 580 182 34 1782
timenba 632 202 26 1770
tipemi 1584 518 30 1450
zeimenfi 4727 1559 50 389
nenmeinen 2504 819 47 1132
flameicha 4745 1566 47 385
pallofla 3464 1141 41 816
govavas 447 137 36 1825
flativas 3933 1298 39 661
tifluco 3444 1137 33 828
cotiti 5722 1899 25 74
pechavas 2475 813 36 1149
gotiras 465 141 42 1815
cotospe 941 301 38 1659
nentimen 701 221 38 1739
zeiloco 4690 1555 25 418
bafiba 436 135 31 1832
meisemi 609 192 33 1773
zeiticru 4283 1412 47 539
nenmeinei 221 66 23 1909
vasneiflu 1205 388 41 1569
tiflavas 915 294 33 1671
tlecruta 3695 1217 44 737
rascruva 5661 1876 33 89
nenrasmi 1153 371 40 1587
fluzeizei 2656 872 40 1086
neimifi 2869 943 40 1015
sanflati 3316 1096 28 874
tlepalcha 4878 1608 54 336
bafiflu 459 143 30 1825
loflafi 4003 1320 43 635
raspego 3725 1229 38 731
batosnei 5535 1838 21 139
tazeifla 1847 601 44 1353
nenrinmei 948 304 36 1658
vasfiba 3234 1067 33 898
flurinti 2981 982 35 981
nenmiti 1717 558 43 1397
martivas 4168 1375 43 580
neifluva 5654 1873 35 90
mineimi 2621 862 35 1101
paltlemei 4821 1596 33 369
tosgorin 5650 1873 31 94
tiflasan 1015 325 40 1633
gopalmar 5332 1765 37 196
gotigo 376 118 22 1858
tinenmei 5392 1786 34 178
perasmen 327 98 33 1867
petlemi 5448 1805 33 160
flapeti 1752 573 33 1392
zeicoco 2621 863 32 1103
flatiflu 1107 358 33 1607
vamipe 1265 408 41 1549
fipalmen 235 72 19 1907
sanmencru 1919 629 32 1337
mibazei 3313 1090 43 865
taneilo 893 287 32 1679
perasrin 4535 1499 38 461
nencrumen 4763 1577 32 389
vacruco 1157 374 35 1589
tichami 4029 1324 57 617
marneiflu 4221 1398 27 573
paltiva 767 244 35 1719
tiseba 5382 1783 33 182
sanrinzei 3517 1155 52 791
tosvasti 5364 1774 42 182
petletos 949 306 31 1661
rinpenen 5252 1741 29 228
meisanse 4657 1544 25 429
tletico 947 304 35 1659
fluchase 1580 512 44 1442
nenmarvas 1133 362 47 1589
mimitos 397 122 31 1845
sepalras 434 134 32 1832
chatago 287 87 26 1885
talota 446 137 35 1826
crugomi 2801 923 32 1043
flusemen 2477 810 47 1141
nenloco 5416 1794 34 170
barasmar 3595 1186 37 775
marflata 5498 1819 41 138
mensezei 533 168 29 1801
firinfi 2561 837 50 1111
flacocha 2527 830 37 1131
vassevas 2495 819 38 1141
misanrin 2960 970 50 978
zeibaflu 246 74 24 1900
vapalmar 3433 1128 49 821
fizeigo 3449 1137 38 823
vastilo 4199 1388 35 575
meipenen 245 74 23 1901
tossese 4618 1526 40 432
sanmeimen 3521 1159 44 795
tachamei 1041 332 45 1621
zeimirin 5481 1819 24 155
tosneigo 3787 1252 31 715
govastos 2744 904 32 1062
meipaltos 4274 1413 35 550
titise 3547 1170 37 791
chatipe 4242 1400 42 556
tospalnei 1862 614 20 1364
rastlemi 3423 1129 36 833
menflutle 3708 1225 33 740
menfimi 5005 1654 43 301
flufivas 1143 370 33 1595
zeitosmi 4671 1545 36 417
fivasmi 2596 853 37 1108
menmipal 409 130 19 1849
bavasva 2460 808 36 1154
pepesan 1379 448 35 1515
tlepetle 782 252 26 1720
peloco 297 92 21 1885
flafitle 4798 1585 43 370
basanvas 4208 1393 29 576
chanenvas 2610 857 39 1102
flafluta 3598 1186 40 772
flumenco 1476 481 33 1484
batata 5110 1690 40 268
menmarzei 5696 1890 26 82
marmilo 4885 1617 34 347
marflumei 1583 515 38 1445
bacogo 4283 1415 38 545
covasfla 570 183 21 1794
tospemei 1077 344 45 1609
tavatos 5466 1811 33 154
peneiti 3305 1085 50 863
tisecha 2950 971 37 990
basannei 328 103 19 1876
mitizei 5162 1711 29 258
neimentle 5562 1844 30 124
tasevas 3451 1135 46 817
pemencru 3578 1178 44 776
marmenco 2376 779 39 1180
chacruti 1030 327 49 1622
flacruco 2987 984 35 979
mivamei 1340 433 41 1524
zeicomi 5159 1704 47 247
titlepal 3448 1138 34 826
tosmeimi 1838 597 47 1354
sezeinei 1335 431 42 1525
sannenba 4753 1570 43 385
vaneise 3359 1108 35 855
mipaltle 5665 1879 28 91
rasmirin 1232 401 29 1568
zeivaslo 1512 495 27 1476
tirinflu 2160 707 39 1252
tosmarzei 2723 894 41 1063
meiticha 1509 490 39 1469
tipeti 5684 1884 32 82
bavalo 5552 1840 32 126
zeitaco 3946 1303 37 658
lomiva 1003 320 43 1635
flucrunei 904 288 40 1670
santimar 2464 807 43 1148
nenlomen 2698 888 34 1076
palloba 3445 1136 37 825
tifimei 370 111 37 1850
tosmizei 1077 347 36 1615
tleneilo 4952 1640 32 326
menvaslo 3096 1018 42 938
flatiflu 3094 1016 46 936
marsannen 4745 1568 41 389
nenzeinen 4320 1427 39 532
nenbanei 2170 708 46 1244
tasezei 1000 321 37 1640
neitaras 2121 696 33 1269
meivamen 5413 1791 40 167
rastimi 2612 859 35 1104
tichaba 1045 333 46 1619
lovastle 3849 1273 30 695
vagoras 1565 507 44 1447
crumarco 5236 1736 28 234
lozeisan 1957 637 46 1315
tiflulo 2172 713 33 1252
tlegomei 4442 1467 41 490
lorasco 1702 556 34 1408
ringopal 1720 564 28 1406
fipeti 1434 465 39 1494
fimenta 3234 1067 33 898
vascomar 5132 1698 38 262
toszeiti 2315 758 41 1199
titita 5329 1765 34 199
rinzeigo 2161 710 31 1257
santavas 5028 1665 33 300
flasemen 5721 1900 21 77
chavasti 5632 1865 37 96
mitostos 2740 901 37 1060
rastisan 3072 1013 33 952
zeitleras 3785 1250 35 713
vamimi 2962 977 31 990
toscruse 3877 1278 43 677
serasflu 2384 781 41 1176
bativa 4743 1563 54 381
palnennei 2868 941 45 1012
neitivas 2610 855 45 1098
neigocru 5349 1770 39 189
santlenei 1352 436 44 1518
nenflumi 4412 1458 38 502
chatata 3217 1061 34 903
tletamei 2429 797 38 1163
toszeimi 4299 1423 30 545
cruzeiras 4765 1576 37 385
peticru 521 166 23 1809
tossanzei 3076 1012 40 946
flunenta 2041 667 40 1291
mivati 4931 1633 32 333
zeibago 5147 1706 29 263
flachago 2855 935 50 1013
vaflase 5640 1870 30 98
perasflu 2943 969 36 993
tasanzei 235 70 25 1903
tifluras 4050 1337 39 622
talota 2753 901 50 1047
tinennen 2033 664 41 1293
crulogo 5043 1666 45 287
fisanmi 256 76 28 1894
paltiti 2741 902 35 1061
nenfiflu 3448 1137 37 824
nenmeisan 812 261 29 1708
tanencha 5261 1744 29 225
mivasti 4563 1510 33 455
rinpalvas 397 124 25 1849
nenconei 1827 596 39 1363
tarasras 4883 1613 44 341
crupalflu 4054 1340 34 624
chatlepe 1113 356 45 1597
tirinsan 551 173 32 1793
rasvascha 2428 797 37 1164
tlecopal 1866 612 30 1356
crutlelo 2969 978 35 985
chafluco 2496 817 45 1136
marflasan 244 76 16 1906
cotosmen 3713 1223 44 731
pepeba 3659 1206 41 751
baflumi 4227 1398 33 567
vavasmar 3791 1251 38 709
meimeitle 1350 438 36 1524
tamipe 2598 853 39 1106
neibago 3650 1202 44 752
nenpaltos 2168 708 44 1246
semizei 5551 1841 28 129
sanvata 499 157 28 1813
mimifi 1480 483 31 1484
zeiloba 3207 1057 36 905
bataflu 5329 1766 31 201
marmeimi 480 149 33 1816
rasmigo 2473 812 37 1149
comirin 1377 446 39 1513
neitarin 1605 524 33 1441
chaneiba 645 205 30 1763
lovati 5020 1663 31 304
babamar 1189 385 34 1579
chavamei 721 230 31 1737
fipalsan 302 93 23 1882
covastle 1010 326 32 1640
palflupe 292 88 28 1882
nentlesan 1725 566 27 1405
vamennen 4449 1475 24 499
seperin 2122 695 37 1266
meimenco 4188 1381 45 572
crutoszei 4538 1497 47 454
pebamen 4980 1648 36 314
neiflami 3719 1227 38 733
charasvas 4455 1474 33 491
tleneipe 3007 990 37 971
mimeisan 1812 590 42 1366
crusanpal 3205 1050 55 893
cotapal 986 316 38 1644
crumifla 4083 1348 39 611
tatilo 676 215 31 1752
sanloco 4889 1619 32 347
tlemita 2501 825 26 1147
charasflu 5564 1845 29 124
serinpal 4643 1534 41 423
cruperin 1739 567 38 1393
flaflunei 319 97 28 1873
meineimei 4372 1444 40 514
vasrascru 1853 605 38 1355
tleflanei 903 291 30 1677
meinenvas 4046 1335 41 622
flarinco 2500 820 40 1138
perasras 4157 1370 47 581
rasrincru 5571 1847 30 121
tamense 5543 1839 26 133
flubarin 248 73 29 1896
pelogo 2024 660 44 1294
palbavas 3362 1109 35 854
pemenva 4890 1617 39 342
rasnenmei 3456 1138 42 818
goflaba 464 141 41 1816
cotoscru 3730 1230 40 728
tibape 2143 701 40 1257
tivastos 1911 624 39 1335
fluflami 3577 1179 40 779
fivamar 869 282 23 1693
santleti 4538 1497 47 454
nenbacha 4805 1590 35 373
lotlese 4118 1357 47 594
menflucha 3905 1285 50 663
fiflutle 1392 452 36 1510
tletaras 4397 1451 44 503
vasmarpal 3951 1302 45 651
palficha 2396 784 44 1170
palmenras 3230 1064 38 896
tigoba 4190 1384 38 576
setico 979 313 40 1645
segolo 5047 1669 40 289
tabami 5411 1793 32 173
tleminen 320 97 29 1872
mipelo 3466 1142 40 816
flatasan 2355 769 48 1181
mimarflu 3302 1089 35 874
valogo 2017 660 37 1301
crupalnen 5680 1885 25 88
palmarcru 2762 908 38 1052
sancrufi 4061 1342 35 621
rinfise 5156 1706 38 254
flufimi 2749 905 34 1059
secrupal 1659 541 36 1421
meizeiba 4609 1522 43 433
flamicha 5510 1825 35 138
fluflamar 3887 1284 35 679
neirinpal 3348 1104 36 858
cruvafi 1359 441 36 1521
cruvazei 2019 660 39 1299
lomiba 2026 663 37 1298
cozeimi 4191 1381 48 569
setazei 4139 1368 35 595
cruneimi 992 317 41 1640
sesepe 5707 1893 28 77
rasmeicru 4293 1417 42 539
pebarin 394 119 37 1842
gomirin 4279 1411 46 541
rasnenco 4003 1320 43 635
migocha 695 217 44 1737
crumeirin 5148 1707 27 264
bafimi 1090 351 37 1610
flapalrin 4538 1497 47 454
cobami 5526 1830 36 132
zeisanta 2869 945 34 1019
fipeco 4586 1517 35 446
tlepalpal 2363 773 44 1181
meizeiras 1034 330 44 1624
chamipal 2275 748 31 1219
rascomi 5727 1901 24 73
bagomi 4420 1459 43 496
setimi 2643 868 39 1091
mibava 3772 1239 55 704
mencose 292 91 19 1888
margomi 3696 1219 39 740
mitisan 3544 1169 37 792
tipesan 538 167 37 1794
mitizei 4177 1379 40 579
vasbago 560 176 32 1790
vastipal 5344 1767 43 188
fivacru 1172 376 44 1578
pemimei 4849 1602 43 353
conenmi 1618 526 40 1432
cobafi 5516 1829 29 140
mipezei 4112 1359 35 604
pepalcru 5596 1854 34 110
cobavas 4252 1401 49 548
copepal 4421 1458 47 493
mizeigo 1145 371 32 1595
zeitise 2179 715 34 1249
varinti 3798 1254 36 708
lorassan 3779 1245 44 709
seringo 314 98 20 1880
tatosmi 788 253 29 1716
rastata 2640 866 42 1090
tatita 3730 1230 40 728
pemitle 1357 441 34 1523
seflati 2054 672 38 1288
titasan 2063 676 35 1287
gozeitos 1147 373 28 1597
tarascha 4436 1466 38 494
cruzeiba 2689 883 40 1075
tosnengo 3486 1149 39 810
vasanfi 5448 1803 39 156
zeipemi 2039 665 44 1289
lonentos 4869 1608 45 345
palvasflu 2166 710 36 1252
zeitipal 1339 435 34 1529
nenrascru 3567 1176 39 783
tititle 5701 1887 40 71
neilomei 1048 337 37 1624
bamenco 5725 1900 25 73
flamengo 2536 835 31 1132
flumeirin 2703 889 36 1073
ringolo 1175 378 41 1579
mentati 1843 602 37 1359
fitifla 1612 524 40 1434
tostosti 1343 437 32 1529
marselo 4568 1505 53 440
cotiba 2608 857 37 1104
marrinco 2798 920 38 1040
pefise 2275 744 43 1211
lopalmi 836 262 50 1686
gosanflu 4081 1345 46 607
zeitico 4758 1573 39 386
flunenflu 3116 1027 35 936
meiflamar 4274 1412 38 548
neineicha 1247 406 29 1563
sancoflu 3905 1289 38 671
rinrasti 596 189 29 1780
nenfizei 3312 1089 45 864
tarinrin 4618 1524 46 428
zeisesan 2605 856 37 1105
timenti 2274 747 33 1218
margope 1824 593 45 1360
neineimei 5540 1837 29 132
neigoflu 5661 1879 24 95
neitlemei 309 93 30 1875
mibafi 3063 1006 45 947
lozeifla 5327 1762 41 195
martosmen 5237 1733 38 227
mipalvas 2398 786 40 1172
zeipemen 676 215 31 1752
fitico 3010 989 43 966
vasezei 944 305 29 1664
menfinei 350 107 29 1862
tosmarvas 2004 654 42 1302
perasfla 2495 818 41 1139
ticota 3829 1264 37 697
nentlepe 223 66 25 1907
gotimi 1824 592 48 1358
tosflucha 1157 375 32 1591
meilose 916 296 28 1674
pemeigo 2444 797 53 1148
coneirin 5423 1798 29 171
palcomen 1607 525 32 1441
flapenen 2637 861 54 1083
marcruba 2829 930 39 1029
timiflu 2706 889 39 1070
tletleta 2595 846 57 1095
meifiva 341 102 35 1861
sangonei 675 214 33 1751
pecharin 1875 615 30 1353
mimise 4314 1425 39 534
fipalti 2156 706 38 1254
nenchatos 5147 1706 29 263
rintitle 4606 1524 34 440
zeisesan 4921 1628 37 333
palmenzei 4161 1375 36 587
meichape 5621 1864 29 105
nenrasflu 3827 1258 53 687
lovanen 5625 1865 30 103
tiflulo 2407 790 37 1171
barinlo 4034 1330 44 624
rinmeiba 2657 872 41 1085
mengotos 1173 374 51 1573
tlemeipe 3138 1034 36 928
palflata 798 254 36 1708
rinchati 5467 1812 31 155
martostle 4290 1414 48 536
tirinta 305 94 23 1881
marsevas 185 55 20 1923
tivasras 3211 1057 40 901
figomen 1934 631 41 1326
chavasse 333 102 27 1869
tletlenen 3353 1101 50 847
palneigo 5727 1900 27 71
bagotos 2383 783 34 1181
menvanen 535 168 31 1799
neinenrin 5608 1858 34 106
raszeifi 1503 489 36 1473
tiflasan 3768 1239 51 708
tlezeimei 929 299 32 1667
raspalgo 242 74 20 1904
tiseta 4321 1426 43 529
timeifla 5606 1861 23 114
tostlecha 2258 741 35 1222
mimeisan 5213 1727 32 239
marrinras 5340 1766 42 190
pezeiba 1987 651 34 1313
titizei 703 225 28 1745
palchago 3632 1198 38 762
lovasras 1466 475 41 1482
zeibati 4799 1584 47 367
neivasras 2497 821 34 1143
tosmarlo 3204 1053 45 900
fichavas 506 162 20 1816
marmigo 2197 720 37 1241
fineico 2669 878 35 1085
vatosflu 5019 1658 45 295
chatafi 2804 925 29 1044
rasmenfi 1134 369 27 1602
zeiseti 5225 1727 44 227
meineimei 1420 463 31 1504
lomarmen 4018 1325 43 630
raszeise 1380 448 36 1514
gofimi 5712 1895 27 76
crutico 4877 1611 44 343
nenvago 4643 1536 35 427
batava 4904 1624 32 342
tlesantos 234 69 27 1902
mimeisan 2014 661 31 1306
palvatle 2949 971 36 991
nenmencha 5269 1742 43 213
tacruflu 1464 478 30 1490
tirinba 3066 1012 30 956
neimarcha 4114 1355 49 594
chagose 5360 1775 35 188
crucomar 310 97 19 1882
neifluzei 964 311 31 1656
crutipal 3207 1054 45 899
vagocru 2459 809 32 1157
mensemei 4038 1333 39 626
nenmico 791 251 38 1709
crutosmi 1336 431 43 1524
tlesenen 2371 776 43 1179
zeilomi 4413 1456 45 497
lolorin 5633 1871 20 107
rasrinsan 898 287 37 1674
tosflumar 702 224 30 1744
cogotos 2590 852 34 1112
flamense 3191 1052 35 911
conenmi 2929 962 43 993
tisego 3079 1013 40 945
flufluvas 2978 980 38 980
neifimen 315 95 30 1873
crumimen 5446 1806 28 164
tlenenmi 3556 1172 40 786
gocova 1318 425 43 1530
nenrasta 5251 1735 46 217
marlomar 5245 1733 46 219
fitiva 3173 1045 38 915
nenvami 2053 672 37 1289
semicru 211 62 25 1911
vascotle 1127 361 44 1593
tasanti 1138 366 40 1592
neimeiflu 1263 409 36 1553
mipemi 2404 790 34 1174
chavasrin 4497 1484 45 469
marcruvas 1267 412 31 1555
marseti 1033 333 34 1631
vasfipal 3986 1311 53 634
mimarmen 5122 1695 37 266
tirasfla 5014 1661 31 306
vasbata 1929 630 39 1329
titicha 2618 861 35 1102
nenvacha 2357 774 35 1189
goflaco 5014 1658 40 300
palbape 5730 1901 27 70
palfluse 4160 1372 44 582
sezeicru 5210 1726 32 240
barincru 402 123 33 1842
titimi 2171 707 50 1241
martosmar 1405 456 37 1505
crusecha 5330 1767 29 202
timita 682 213 43 1742
neisanmei 2150 707 29 1262
ticofla 2828 930 38 1030
tamenmar 684 216 36 1746
zeisantle 2898 956 30 1012
fifluzei 1855 605 40 1353
meirinse 796 254 34 1710
tivarin 793 252 37 1709
tletiflu 3472 1147 31 820
marsantos 5723 1902 17 79
vassango 5716 1897 25 76
lotamen 936 301 33 1664
mitise 1356 439 39 1520
flusemei 1159 373 40 1585
tigocha 1524 497 33 1468
fluchago 4513 1488 49 461
menchavas 1820 594 38 1366
nentifla 5613 1862 27 109
vaschacha 3197 1057 26 915
nenfivas 4386 1447 45 506
marlope 5476 1817 25 156
vastita 3224 1063 35 900
vapemen 5417 1793 38 167
vagotle 288 88 24 1886
micoti 694 220 34 1744
batiflu 1614 524 42 1432
meicopal 4429 1462 43 493
santilo 5028 1663 39 296
mencruta 3633 1200 33 765
baneifla 782 248 38 1712
rasbaflu 5624 1864 32 102
sanrascru 3138 1035 33 930
pecruti 3825 1259 48 691
flucoti 279 87 18 1893
palbami 3586 1184 34 780
titosmi 939 299 42 1657
timipal 3156 1043 27 928
nenpeti 511 158 37 1803
mirinco 5331 1764 39 195
fitisan 570 181 27 1790
tlemenpe 339 103 30 1865
flameimi 4661 1541 38 419
flamimi 5504 1824 32 142
fluzeitos 3185 1052 29 917
menrasras 2393 788 29 1181
mimentos 4122 1360 42 596
nenvassan 3066 1002 60 936
palmiva 1713 559 36 1403
rintata 5150 1702 44 252
sancocru 3910 1290 40 668
fisannen 4531 1496 43 459
lovasflu 4193 1383 44 571
tiflafi 469 145 34 1819
martaba 5073 1679 36 283
flutlenen 4034 1333 35 630
sepalras 1615 524 43 1431
menfitos 5548 1840 28 130
chamico 2848 935 43 1020
gorinrin 4745 1568 41 389
batosva 2828 929 41 1028
rasneimi 2794 913 55 1030
rasrasfla 5010 1657 39 302
meivasgo 4508 1484 56 458
gozeimen 1247 403 38 1557
flutanen 931 301 28 1669
chatiti 5667 1881 24 93
gopenei 2300 753 41 1204
crutimar 3021 995 36 967
micorin 1028 329 41 1628
lomeise 2125 694 43 1261
petoslo 3518 1159 41 798
lozeimi 3351 1104 39 855
lozeicha 3093 1017 42 939
gotasan 5534 1836 26 136
tatacru 3532 1162 46 790
nengomen 3552 1171 39 788
rasneizei 2402 789 35 1174
vaspalsan 2131 699 34 1265
goflapal 5017 1661 34 303
tibava 775 247 34 1717
vacrufla 3305 1086 47 865
neivasmi 2501 819 44 1135
palseflu 3988 1315 43 640
nenneirin 5704 1894 22 82
cruflupal 3431 1128 47 823
titifla 3134 1031 41 926
petosmen 5720 1899 23 76
balomen 5528 1833 29 136
palcosan 1988 649 41 1308
palrinse 4754 1568 50 380
zeivasmar 3454 1141 31 826
vasrasti 2368 774 46 1178
gomisan 4084 1346 46 606
tacopal 2589 853 30 1115
palneipal 3661 1201 58 739
tosgolo 5125 1695 40 263
neirincru 5661 1874 39 85
mitosmei 692 222 26 1750
misemar 1641 534 39 1425
tosmenflu 4772 1574 50 374
paltiras 382 117 31 1850
fimilo 502 154 40 1804
raschatle 3106 1024 34 940
chacoco 4658 1538 44 416
fimennei 4575 1507 54 437
marneisan 4053 1336 45 617
pemiras 2082 676 54 1268
baconei 1144 365 49 1584
golotos 5240 1735 35 228
mirinse 5637 1872 21 105
titosgo 5529 1834 27 137
pevafla 3075 1013 36 949
santapal 4794 1583 45 370
misanzei 2747 899 50 1049
zeiflaflu 3791 1251 38 709
rintinei 2333 766 35 1197
barasva 1470 478 36 1484
chatipal 4138 1366 40 592
tapeva 1469 473 50 1475
titimar 3893 1285 38 675
vasbami 328 101 25 1872
tititle 2822 923 53 1022
tamenlo 765 237 54 1707
covaspal 4623 1526 45 427
miflafla 5303 1757 32 209
tivasnei 4542 1501 39 458
peflucha 5711 1896 23 79
flapego 5715 1896 27 75
lovaspal 1140 365 45 1588
filozei 1760 575 35 1388
mitimen 3078 1013 39 946
timeizei 4872 1610 42 346
fimeitos 5260 1742 34 222
mirinva 4313 1424 41 533
bamisan 2593 852 37 1109
tlemeiva 5546 1835 41 122
rincrumei 822 260 42 1696
rinconen 3097 1020 37 941
rasrinta 4998 1652 42 304
cruvacru 4786 1584 34 380
nentlesan 1731 566 33 1399
goserin 2197 721 34 1243
perasba 1286 416 38 1544
locotos 234 71 21 1906
peminen 5395 1787 34 177
vasneinen 5714 1897 23 78
penensan 2267 740 47 1211
flaflaba 3008 990 38 970
menrinmei 2187 719 30 1249
semarmar 1489 485 34 1479
rassanmi 2971 978 37 983
nenzeimi 3548 1165 53 780
tiraspe 4050 1336 42 620
tlemarrin 2140 703 31 1264
mitoszei 4540 1500 40 458
tivati 4894 1618 40 340
fluflumi 1231 396 43 1559
locrucha 5700 1893 21 84
meitizei 2759 906 41 1051
mentiba 4545 1503 36 459
flalota 2589 849 42 1107
minenmei 4189 1382 43 573
marrasmei 3599 1191 26 781
timico 907 291 34 1673
marmenba 4207 1386 49 563
rasmarta 1283 417 32 1549
nensecru 4284 1414 42 542
neinentos 3584 1179 47 772
serinti 1888 615 43 1340
flarinzei 3580 1181 37 780
martospe 768 246 30 1722
vasancru 4050 1337 39 622
mipeti 5301 1752 45 201
neisecha 2865 941 42 1015
meititi 5591 1853 32 113
marmitle 597 186 39 1773
flachaba 1621 529 34 1435
nengomen 5022 1665 27 306
menchamar 1694 552 38 1408
tlecharin 1013 324 41 1633
chagotos 5717 1896 29 73
cofimen 1906 625 31 1342
flalorin 703 223 34 1741
setacru 5515 1828 31 139
crumiba 188 57 17 1924
pefirin 1574 511 41 1446
cruvaras 5113 1693 34 271
sanfiba 2139 701 36 1261
tlesanpal 3470 1144 38 816
charintle 2122 695 37 1266
chasanfla 4940 1635 35 328
mifizei 4559 1507 38 453
tleflaco 4913 1624 41 333
rinnenco 3313 1094 31 873
nenmicru 929 296 41 1661
marpalnen 3517 1161 34 803
petifla 5196 1721 33 244
titosmar 238 74 16 1908
flumarfla 1894 618 40 1340
palmise 1582 516 34 1448
toschacru 2243 730 53 1215
zeimeiba 3352 1105 37 856
mentlecha 5490 1819 33 146
martitle 281 86 23 1889
crutigo 860 270 50 1678
tilose 4887 1616 39 343
mivaslo 5450 1804 38 156
chatamei 3821 1258 47 693
neineicru 3335 1099 38 861
rinmiras 5493 1822 27 149
martlemar 3959 1304 47 647
nenfluva 3186 1049 39 910
flupemar 4606 1521 43 434
palsanrin 3201 1059 24 915
secrucru 4451 1471 38 489
crutase 3288 1082 42 874
menflaras 332 100 32 1866
pezeico 2486 818 32 1148
lomigo 2952 967 51 980
rinmilo 5638 1870 28 100
pemeitos 705 225 30 1743
sancoti 2236 731 43 1224
mentifi 2384 781 41 1176
sefipe 1098 349 51 1598
sanpefla 5654 1877 23 98
sevasvas 466 146 28 1824
rasbasan 1393 453 34 1511
balomar 2422 795 37 1166
flacrufi 4642 1536 34 428
flutase 4067 1345 32 621
rinmeinen 2073 677 42 1279
rasflunen 4780 1577 49 372
setiba 5611 1861 28 109
menrinnei 1130 366 32 1600
crutaras 3309 1088 45 865
flaflanen 4079 1344 47 607
govami 4033 1331 40 627
